S = 0.00249673564
n = 7
m = 8
C0 = 0.0308315279
C1 = 0.80810483
C2 = -0.467562638
C3 = -0.0949252481
C4 = 1.63787235
C5 = -0.797418799
C6 = -1.1431449
C7 = 0.488180206


Невязки: delta(0) = -5.55111512e-17; delta(1) = 0; delta(2) = -1.66533454e-16; delta(3) = 0; delta(4) = 5.55111512e-17; delta(5) = 2.22044605e-16; delta(6) = 3.33066907e-16; delta(7) = 2.22044605e-16; 

Y(x) = 0.488180206x^7+-1.1431449x^6+-0.797418799x^5+1.63787235x^4+-0.0949252481x^3+-0.467562638x^2+0.80810483x^1+0.0308315279x^0

z0 = -6.27743856e+66    c0 = -6.27743856e+66
z1 = -6.27743856e+66    c1 = -6.27743856e+66
z2 = -6.27743856e+66    c2 = -6.27743856e+66
z3 = -6.27743856e+66    c3 = -6.27743856e+66
z4 = -6.27743856e+66    c4 = -6.27743856e+66
z5 = -6.27743856e+66    c5 = -6.27743856e+66
z6 = -6.27743856e+66    c6 = -6.27743856e+66
z7 = -6.27743856e+66    c7 = -6.27743856e+66
z8 = -6.27743856e+66    c8 = -6.27743856e+66
{-1,-0.346385097},{-0.75,-0.355836043},{-0.5,-0.38496769},{-0.25,-0.167401131},{0,0},{0.25,0.232187003},{0.5,0.35719497},{0.75,0.52809397},{1,0.461496883}
========================================================================================================
